..55-

37, 12. 38, 2. 12. 42, 4. 45, 16. uicum 19, 7. 31333 12, 11. 16, 5
17. 29- , 3111311312. 40, 20. uideas 30, 13.
uehiculum (2.) 40, 10. 16 uidere 5, 12. uidimus 8, 9. uidetur ’

33113]3331311140, 11 11,8.14,18. uidentur 3, 7. 13,
111313. 3, 3. 3 (33), 13, 14. 21. 7.111111(3.3,)34,12, 111131,12
11,13. 12, 3, 3. 13, 4 (3313. 13, uigor 33, 3
9 (bis). 37, 17. 44, 6 3111111133.) 5, 22
73133131189 uilitate 5, 13
uelamina (acc.) 17, 8 uillas 41, 7
3313] 33131131 17, 11 3113113,7 5
331331133 30,16. 33133113136,11. 17 uinco] 3113113137,10. uincuntur
uelum] 3311144, 3 43, 25, 31131 14, 2. 311331131 23,
33131 7,7. 29,7; 31,9. 42,.1. 43, 23 1311313124, 9 uicti 3311 31211
uenam 5, 9 ‘uinculum (333.) 18, 10. 31, 9, 313-
3333133 (3. 3.) 46, 15. uenatibus 3313 (abl.) 39, 6. 31133113 25,5
(abl.) 15, 2 uindicatur 12, 9
33133] uenire 24, 10 3113131133 22, 7
ueneratione 40, 12 uinum] 3111232, 311313(333.)23, 2
ueneror] uenerantur 43, 17. 45, 9. uir] 3113 (6.) 18, 10. uiri (pl.) 19,
3313131133118,11 4. uirorum 3, 2. 27, 2. 35,·13. .
Venethi 46, 6. 111131131311146, 1 31113 (11) 17, 10. 27, 7, 31133 44,
33113(3)19,81,,46 15
uenire 18,13. uenere 31, 14. 3311- 3113111110, 2
1311141 31131133 (11.) 19, 11. 20,7
7311111311 37, 15 uiritim 15, 8
uentosior'(fl) 5,3 uirtus 20, 6. 311131133, 6 35, 10.
uenus (3 3.) 20, 6 uirtuti 31, 4. 16 3111313111 14,2.
1113131311 33,.311111311,.,.1131314’,3 .
uerbere 19, 8 29, 1, 42, 4. 3111313111 18, 12
33111313] 3311313137, 5, 25, 5 313 42, 8. 43, 15. ui 14, 12 45, 26.
3313 (adu.) 14, 3 31133 (3 .) 13, 15 42, 3. uirium
uersare 46, 20 . 30,16. 34, 4. 3610. 31133 43, 19
331333 311333.) 1, 7 uitam 14, 3. 19, 14
33111331, 6. 38, 10. uertices (333.) 3111311131 ,,,)119 31113(333)19, 10
43, 8 311113 (abl.) 23, 6
33111131, 3. uersae (pl) 37, 22 3133111133 (6. m.) 46, 11. uiuendum
33133]3313(3.3..(.)43,6(13131316 18, 16
Vespasiano (abl )8 9 31116, 10
333113131113(3.) 43,17. 33311313 (3) Vlixi3, 1317111313, 9
37, 3 ulla (3 f) 19, 14. 3111 (31. 3 ) 10,
uestis (9.) 25, 3. uestem 10, 4. 113313 15. ullam 9, 8. 18, 1. 3113 (n. 12.)
17, 4. 40, 10. 1133133 (2 ) 40 17. 20, 17
uestibus (abl ) 27, 3 3113113133 (1331) 17, 7. ulteriora
33311133 (9) 17 12. 33311131 46 13 (333.) 28, 7
3313113 (q f) 37 2 ueterem (f.)5‚ 311132, 4. 19, 14 29, 10 (113). 30,
18. 28, 8. nebeten (33313) 29, 10 1. 43, 9
3311111131 n.) 26, 2 11111314,9,15,8.28,14
uetustatis 2, 14 ululatus (n. 3 ) 7,12
, uetustissimos 39,1 · 3111113 43, 22
’ 31113116, 9 · umidior (f.)5, 2
11133 26, 3 3113123, 1. umore 45, 22
313111 (9 m )45 25. 3131131311 333 311134, 4. 7, 12 (bis). 9, 5. 26, 8
31313132, 20. 3131311133 (31.) 36, 6 3113313311 (n. f.) 21, 4. 3113313311
31313113 10, 21. uictoriae (9.) 24, (333. 2.)6, 1. 6, 13, uniuersis (abl.
’ 12.31313113130,15.3131311314,7 m.) 26,3
uictricem 14, 13 1133 44, 7. 3113 (3. f.) 38, 1. unum
313133(3.3.)21,16, 313131 46, 13 (3. 3.)2,9. 24, 13111113.) 6,

 

