-35-.

Boii 28, 7. Bois 88, 10. 48, 4
1118818]’1118886, 11’ 88, 13

1181118139, 11
certum (111. 111.) 38, 1 1111181111.

111881]11181(117.))19,1736,5.111881 111.) 81, 3. 11118’(811) 30,10.

boii), belrius 18, 15. (nec.) 18, 8. bu-
bus 40, 11
1118111118 17, 13

41, 11
Britannicae 46, 8

111111 (811)9 1. 11, 4.11 (11.)’87,
8. certe 33, 8.

111111(11 11.) 8, 1’3. 1111181 30, 843, 87.
111118 39, 10. 46, 83. 1111111 13,

¹ 111181(8111.11.)6,4.1111811(8.111,) 9.1118118518.44,9.43,18.11-

tera 1, 3. 11,1, 11, 4. 11, 12. 32,
8. 411111. ceteris (11111.) 11,

Bructeri 33,1. Β18111111(811.)33,8 1. 38, 6 (f ) 416 ceterum 8,16.

7Βιι8(1.)43,1.1

3,9.’,.,.’,.753843713
0118818811 33, 8. 34, 1

0.Μ8118137, 19. 0. 08118111 37, 81 Chasuarii 34, 1
18818111(9111.)45,3.11111111881337 0118111301 Chattorum 89, 8. 31,

08111111 Μ118111 37, 7

10. 36, 1. 38, 8. 0113111138, 1.

11111111, 14 scelerastis 11,1.011811114.14.11,1.
·11181]11111(117.11)11’,4.31’,4 38, 4. 35, 5 ⁴

caelestium 9, 9

0118811 36 6 Chaucorum 36 2. 36, 1

18111 (11.) 4, ’9. caelum (acc.) 10, 6. Cherusci 36,1. 1. Cheruscorum 36’,7

1811κ(1111.) 8, 7. 89, 13
caementorum 16, 8
1818181111) 18, 4
Caepione 37, 17
1811188114 6
0811811137, 81. Caesari 37, 19
caespes 87, 4
11811111
callida (11. 1) 88, 13
campestrium 43, 7
campus 16, 3. camporum 86, 4

cibo 15, 3. cibum 88, 3. 11111 83, 3.
1111117, 16

Cimbri 37, 1. 01181111181837, 7

cingi 46, 8. 118111 (pl.) 40, 8

11118 88, 14

circumdat 16, 6 circumdari 13, 16

111187, 6. 30’, 150111)

1111816, 9

118111818’(9. 11) 37, 83

1181181 13, 3. 14, 8. 37, 8 41, 3.
118118111’10,6.’14. ciuitati 18, 9.

candidam 10, 4. candidi (11. pl.) 1181181185,10. 11811811119, 11.

ro, 12
18818131, 16
canitiem 38, 9
cano] canunt 3, 8

cantu 3, 6
capillum 38, 9

30, 8. 44, 1. 1181181881Ι 8, 6. ciui-
tatibus 16, 8. 118118111 13, 19.
11113111111114, 11
claritatem 34, 9
11818145, 4. clarorum (111.) 87, 8

capiunt 88, 3. captis (811. 111.) 37, 17 1181111181 (abl.) 8, 3. 34, 6. 44, 8

captiuitate ’8, 3
captiuom 10, 19

claudo] cludunt 34, 2. 43, 8. clu-
duntur 46, 22. cludi 45, 8. clau·v

caput] 1811111118,8.45,5. caput 1818(11.)40,14. 118818 (11. pl.)

39, 13

. Carbone 37, 8. 16

Ι18118188 3, 6. carminibusue

1811116,11

Cassius] 08111137, 16

Castorem 43, 16

18111837, 3. (occ.) 41, 7

1811818 (a 11.) 40,9

18181 (11 s )7 10. (811 ) 16 7. 18, 18

188189, 5

1181]111188114,15,11(11116, 88.
30,16. cessit 36, 7

celebrant 8, 9. 39, 5

· , 1181181 (11.) 6, 19

1811118181.) 18, 11

44, 1

1111818111 1, 8

Cn. (= Gnaeo) Mallio (8111.) 37, 17

coarguit 43, 4

1111] 111881 11, 4. 39, 4. coeuntium
11, 10

coetu 84, 1

cogitatio 19, 14. cogitationes (acc.)
11, 11. 11, 11

cognatione 38, 7

cognitis (obl.) 1, 4

cohaerentibus (8111. 11.) 16, 5

111111111181, 6. cohercendi 11,18

1111111111 9, 8

,collationibus (d.) 29, 3

3*

 

