,46,

1Ν31111311140, 7 nudo] 33631331. 19, 6·
Neruii 25, 14 1113113333340, 5
nesciunt 22, 16 3311113 17, 7. 311113 (11, 1.) 6, 9. 10,
nexum 20, 11. nexu 45, 18 8. 19, 8. 27, 1. nullum (11. 11.) 20,
nigra (11. 11.) 43, 21 14. 43, 16. 33111 (11. m.) 22, 5.
nihil 13, 1. 15, 3. 33, 3. 45, 5 31, 13. nullam 5, 3. 1111113111.)
mmu1 3363ΜΜ333
1313, 5. 1, 5. 5, 5. 11, 4. 13, 2. nullo (11.) 13, 13. 33, 11. nulla
14, 12. 11, 13. 33, 1. 3313. 33, (11. 11.) 4315. 13111113,1, nulla
10. 31, 4. 39 6. 40 5 35,9. nullis(111 13.5,9 (1119 2
333113(3,142,7.3ο311313(131,44 (3131. 20, 4. 44, 8.11 (11 ).4, 2
12. 3331133 (11. 118 6. nobilium 3111333 4017 3111313138,10. 39, 7.
(111.) 14, 9. (333. m.) 25, 12. no· 3111313143, 16
bilissimus 35 7 333111333133391 3313313137, 14. 30,10.3331313331113
nobilitas 11, 14. 13, 8. 333111131313 29, 15
18, 4133116313 7, 1 3311131333 19, 5
nobilitat 45, 1 33133133 5, 21. 6, 19. 20. 2611311133-
331131361138, 5 rum 11, 7. 19, 15. 31113313 4, 6.
nomen (11.) 5, 21. 13, 19. 33, 13. 5,1. 12,5.13, 15. 31, 3. 25, 2
33, 5. 43, 11. 15. (1331313411, numquam 25, 10
183313133 2, 21. 3,14. 8, 4. 28, nuno 2,18. 27,10. 33, 1. 36, 6. 37,
20. 136, 4. 3313133 (11.1 2, 16. no· 2. 4. 38, 1. 41,3.9
minibus (131.) 2,12. 9, 10. 38, 3 nuper 1, 4. 2, 17
nominasse 43,11. 331313313131333. nuptiis 18, 4
11.) 3, 12 311133 (11. pl.) 18, 17
333 2, 19. 4, 7. 5,13. 6, 11 (3131. nutrierunt 36, 2
7, 6. 10. 5,11. 10,15. 11, 9. 13, nutrix] nutricibus (31.1 20, 3
3. 14, 3. 12. 15, 13131. 11. 15,
5. 11, 4. 12. 15, 4. 5. 5. 1333 ob 2, 20. 5, 14. 15,4 .
(515). 20, 15. 21, 5. 10. 22, 13. 15. 33133311137,10. 33133113(331.11.13,8
23,.,.,..7124425169.26,.90313311182
28, 22. 29, 2. 15. 30, 2, 32, 8. 33, oblectatiolli 33, 7,1
6. 8 35,6. 11. 37,11. 12(3131. 38, obligantur 21, 15 obligenturss, 5.
1.,4o 2.13. 14. 41, 4. 8, 43, 4. 44,8. obligatum(111)314
45, 31. 46, 5 (non 3111111. 12 (3131 13 obliquare 38, 5
3331133143,27 3333331313(11,,143 31. (333140, 2.
1131133111 (3331 5,3 obsequio (111.) 29, 9
nos 11, 7. nostri (y.) 33, 8. 33313 obseruatio 10, 18
37, 14. 333 33, 5. 3331331131 29, 12 obseruo] 3333111333 10,1.15. ob-
333113(11.1164,5 18. 3331133 seruatur 27, 1
(91515. 37, 23113311113113131 obsides (33318 5. obsidibus (11311
6,13. 16, o. 25', 1. nostram 42, 6. 20, 12
nostro (111. 12, 5. 3331131333141, obstabat 28, 3. obstitit 34, 10
7. nostris (511. 11.) 42, 9 obtenditur 3’5, 4
noto]not5m10,7. notis (531.)1o,3 33333133337, 22. 3333313333(333.1 130,8
notabile (11.) 40, 6 occident is45,24.oocidentem1,7.35,l
notus] notum (11. 11.) 10, 10. 16, 1. 0551551525, 5
41, 9. (333. 111.) 21,11. 331313 5, 'oooupat 22, 3. occupet 35, 3. 33311-
18. notu(11. 11) 40, 15 paret 28, 4. occupauere 23, 18.
33311333 35, 1. 33333 30, 8 3333333111 26, 3
3311113]33113(11 11.)15f., 7.31, 12. nouum occurrebant 331
(111 1,4323.3331331313(1131,.,131248 0333311313. 2,4. 17, 9. 34,10.
nox 11, 8. noctem 22 5. 30, 9. noc· 44, 11. Oceani 40 9 Ocean01‚ 8.
tium 11, 7 noctes 43, 22 2,13. 37, 1. 0311333133, 10. 34,
nubunt 19, 12. 3311133311 18, 7 4. 5. Oceano 43, 29. 44, 1
311113(11.1122, 14.311(11(111169. 3331162146. 43,24. 3311113337.
20,1. 24, 2311133311111, 12 38, 13

 

