..41-

Hercyniam 1110001386.Ηο11911111110 iam6, 21. 8,1.14,.3 15, 13. 31, 10.
(saltus) 304 Ηο10111111000111130,1 33, 1. 33, 9. *37, 24. 42, 8. 43,
1101011011(0.)30,13 26. 44, 8. 45, 3. 7 46, 33
Ηο111111101100(0 0.)3, 13 iampridem 13,10 ι
Hermundurorum 41, 3. Hermundu- ibi 19, 17. 35, 11. 39, 10 .
ros 43, 2. Hermunduris 41, 8 idem (0, s. m.) 4, 5. 30,10. 40,15. 18.
hibernis 11, 24 4011. 1101119004, rao, 111,
1110 13, 6. 31,10. 11000135 15. 31, 13.33,5. 35,13. 1110111(11.0.)34, 1.
12. 33, 6 41, 1. 1100 46, 18. huius eiusdem (m.) 39, 4. eundem 10,
10,21'. 24,11. 11111103,10 30, 8. 37, 1. idem (000.) 18, 14 (bis).
11. 11011038, 15.110011,6.13, 00110111(01.)3,14.38,11.00110111
618, 10. 15 ( er) 1117, 18 (bis). 10, 8. 20,5. eodem6, 5. 29, 9. idern
32, 5. 43, 7. 46, 811110 13, 15. (91) 15, 6. 0011010019). 0.) 38,
1100033. 1101011139,1.43,30.13.(000)3051011001(051.0.)10,
1110 41,7. 1100 18,11. 30,1.30,1.13.13,10
'31,12. 11000 18110101. 37,9 11100 36, 1
1110 (adu) 10, 10. 45, 33 igitur 38, 6. 45, 33
1110111033, 3. 36, 9. hiemi 16, 13 ignauis (15,)31 7 ignauos 12, 3
11111040, 19. 44, 1. 6. 45,3 rgnls (9 )16 7. rgnr 27 4. ignem 17,
hinnitus (000.) 10, 14 2. igne 45, 37
Hispaniae (0.)37, 13 ignominiosum (a. 0.) 31, 8. igno-
hodieque 3, 13 minioso (d. m.) 6, 36
homicidium 21, 3 ignorantia (0. 1.) 40, 19
5010110305.11011ιί110015,6.1101111-19101001134 ignorantur 16, 16.
num4, ’6 40, 8. *45, 10. 46, 23. 26, 11
homines 46, 31 19101010010) 17, 9 36,1. ignoti
honestum (0. n.) 27, 7 (9.0)361911010111(00001)3111
11011015, 6 6, 31 30,10.11011010111 ille] illud (0. 0.) 10, 10. 11, 9. 40,
27, 5. 1100010 15, 9 19. 111100 (m ) 10 31.1111111114,5.
5010101100111111111(0. 0.) 11, 17 13. illam 1413. illud 9,11. 1110
honos 13, 6. 39, 5. 44, 7 (m.) 3, 10. 13. illae 3, 6. 7, 14.
hordeo· (051 ) 33, 1 illis (0. m)3, 3. 46, 33. illos 2,
horrentem 38 9.11011011110(000.)39,5 9. 5, 13. 10, 17, 13, 6. 16, 8. 44, ,
horrida (f )5 2. 1101111111 (9 n )2 6 7. 1110 (0110) 34, 7
hortamina (000 )7 15 illecebris (05).) 19, 3
1101101136, 7 11110 18, 1. 1010
hospes 21, 9. hospitis 21, 11. hospi· illine 44, 6
100(000) 31, 16 illue 12, 5. 45, 6
5009111131, 9. hospitio (051) 40, imbrium 46, 17
13. hospitiis (11.) 31, 6. (05).) 2,2 imitatione 38, 18
hostia] 11001110 (05199, 3 1011010116,11.11111101110133,5
1100110 16 15. (9) 31 9. 1100101114, immigrasse 33, 2
17. hoste 31, 4. hostium 33, 10. immo 14, 18
38, 13. 43, 23. 44, 10. hostibus' impares 35, 12. (000.) 31, 16
31,11.host'trs45‚ 11 impatiens (f.) 5, 4. impatientius
huo 46, 18 (000.)8, 3
Huithones 40, 5 imperatoris 37,8
humanitatem, 10 f imperitat 44, 7
1100101100]1111111011190)98 huma· imperium] 10190111 29, 4. 11. 19. 33,
1110(.051 f.) 9, 2 9. imperio (05).,)7 3
humus 46, 13. humum 39, 9. humo impero]imperante(m .),7 7 impera
5, 13. 30, 5 turll, 13. 26, 8 110901011018, 6
impetum4, 7. 11119010 25, 7. impetus
iacebat 45, 17 (000) 30, 8
1001111343 1119101135, 6. impletur 11, 5
iactatio 6, 9 1109110010(11.0.)45, 21

’ 100111 (051.) 24, 8. imponunt 43, 6

 

