..⁴50-

quasi 7, 6 1111111166Ι 6,1. 7. 7, 3. 10, 10. 13,
quatenus 27, 11. 41, 1 1, 3. 13,11.23, 13. 30, 3. 31, 13.
que 1, 1. 2.· 2, 1. 4. 3. 11. 11. 11. 33,1.31,11.41,1.44,11.114111
3, 1. 4. 1112 (bis). 14. 11, 4, 3 quies 14,10. 40, 14. quietem 13, 7
(bis). 3,7.13. 13. 6, 7. 8. 16. 2026. quiescas 33, 4. quiescentibus (ἀ. m.)
7, 0. 3. 13. 3, 11. 10,1.3.0.10. 33, 13
14. 12, 3. 11. 13, 3. 13. 14, 11. quieti (pi.) 33, 3
1213.13,3.3.13.10‚12.17, qui113‚13.3,7.13,12.14,13.34,
311. 12.13,3.12.14.13. 13, 0. 43, 17
12. 13. 11. 20,3.3.11.14. 11, quinque 31, 11
4. 12. 22, 0. 20, 2. 27,11 23, 2. quippe37, 13 .
4. 3. 313. 23,10.11.12.13. 13. quis (indes.) quid (11.) 11, 4. (acc.)
30,10. 31, 3. 111113). 10. 11. 11, 11
32,1. 33, 6. 7. 8. 34, 2. 3. 111. quis (interr.) 2, 5. 5, 10. quae (f.)
33, 7. 3. 13. 33, 1. 1. 3. 37, 2. 4. 4113611). 1111111141, 13, (acc.)
17. 13. 33, 3. 3. 33, 11. 4 (113). 31, 14
3. 12. 40, 7. 3. 11. 13. 13. 41, 4. quisquam] quemquam 13, 13. quid-
7(bc'3). 42, 3. 5. 6. 43, 2. 3. 7. quam (11.) 40, 6. cuiquem (111.) 13,3
3. 3. 13. 22. 30. 44, 2. 7. 43, 2. quisque 3, 11. 11, 3. 13, 1. 11, 3.
. 3. 3. 10. 12. 13. 23 (033). 24. 23. 23, 2. 23, 17. 31, 3. quaeque (.
43,1. 7.11.13. 13. 17. 20 (bis). 24 (.) 28, 4. cuiusque 31, 2. cuique
1111111.) 12, 3. 20, 10. 21, 0. 32, (m.) 7, 13. 11,13. 13, 10. 13, 3.
1. 33, 7. quae 45, 16 (611). quod 20,14. 22, 4. 27, 3. quemque
(1.1.) 1, 3. 3, 11. 3, 20. 7, 3. 10, 21. 20, 2. 31, 14
15, 3. 30, 10. 33, 6. 38, 8. cui (m.) quisquis] quicquid (11.) 34, 8. 411.
3, 1. 13,14. quem 3, 3. 7, 7. 13, quoquo (m.) 10, 20
13. 22, 2. 30, 12. quam 8, 3. quod quo (adu.) 3, 8. 20, 16. 43, 6. quo
3,12. 14, 13. 141. 40,13. 43, minus 23, 3
10. 43, 14. 40, 24. 1111111. m.) 1111111111.) 3,3. 11, 3. 13, 13. 17,
37, 0. quomodo 13, 13. 41, 2. 10. 23, 7. 23, 13. 33, 11. 40, 0.
q1310, 13. 13. 14, 3. quo (0.) 43, 4. 44, 2. 43, 3. 31
37, 3. 41, 1. qui (pl.) 1,»3. 17. quomodo 13, 13
4, 2. 10, 1. 12, 10. 13, 3. 23, 13. quondam 23, 3
38, 5. quae (11. (.) 14,10. 23,11. quoniam 2, 17
1111111111.11,11.13, quoque 3, 3. 4, 4. 1, 20. 3, 3. 3, 2.
13.41,11.11.41,11,1111111111.) 11, 11. 11, 2. 12, 1. 13, 13. 14,
2,12. 38, 1. (20.) 3, 3. 11, 2. 13, 3. 24, 12. 23, 3. 30, 13. 37,4
3. 37, 3. 36,1. quibus (0. 111.) 11, quotiens 13, 1
12. 13, 13. 17, 7. 24, 2. 43, 3. (f.)
8, 5. quos 1, 3. 3,17. 10,13. 22, radios 43, ,5. radiis 43, 25
3. 26, 3. 40, 18. 46, 3. quas 17, Raeti] Raetis (abl.) 1, 1
3. 30, 3. 33, 4. 40, 14. quae (acc.) 1111611 (q.) 3, 10. 41, 3 “ ”
3, 11. 11, 11 (111). 11, 2. quibus Raeticarum 1, 0
(m.) 43, 2. (f.) 13, 11. 23, 4. 43, 1111111141, 17 ·
10. 13. (11.) 18, 7 11111111(1111.) 14, 16. 1111111111(111.)
quia 2, 2. 3,21. 14,10. 10,13. 21, 33,3 ·
· 5. 28, 12. 36, 3. 44, 10. 46, 20. 46, 8 rarescunt 30, 4
quicumque]quemcumque21,7.quae· rarus 43, 12. rurum (11. 11.) 25, 6.
cumque (acc.) 40, 13 38, 8. 1111101111.) 6, 3. 30, 14.
’ quidem] quandum 23, 1. 38,12. raris (abl. f.) 2, 4. 11111 22, 7.
quodum (111.) 33, 4. 1111113111(111.) 23, 3. 31, 2. 42, 9. rarissimum ,
1, 14. 3, 3. 20, 11. 41, 3. quae· (11.1.) 31, 10
dam (11. pl.) 43, 20. quorundam reticii, 3.22,13.43, 16. rationis 30, 7
· (111.)27, 3. quosdam 3,13. quus· recedo] recessisse 14, 4
11111115, 13. 8, 1. 1111111111(1111.) 1111111((.)23, 3.(111. 11.) 2, 17
7, 8. 16, 10. 1111111111ωωὺῑ.) 1, recepiaculum 10, 13. 46, 18
4. 11, 3. 443 recipit 21, 4

 

