..43,-

11333133113 85, 8 1311337, 15
impressam 10, 7 Ingaeucnes 2, 13
impune 23, 8. 37, 19 ingemere 46, 19
imputant 21, 13 ingenie (351.) 3, 17 .
13 (3. abl.) 2, 14. 3, 11. 15. 17. 4, ingensm. s.)37, 2. ingenti (351. m.)
5. 5, 13. 13. 3, 24. 1,11. 12, 10. 33, ringentes (a.) 31, 11
13, 4. 16. 17.18. 14, 8. 18, 14 ingenuum (33313.) 44, 12. ingenui
(ca). 10, 3. 11. 13, 1. 5. 11. 13. (pl.) 33, 3. ingenuos 20, c. 23, 11
22,10. 24,1.10. 131333). 23, 1131133 (a. f.)14, 10
4. 3. 11. 30, 11. 1133). 31, 1333, ingreditur 30, 3
1. 8. 37, 20 (518). 21. 38, 7. 10. iniecti. 12,4 ⁴
40, 3. 3 (33). 41, 4. 3. 8. 43, 24. inimicitiac(u.)21,3. inimicicias 21,1
44, 1. 5. 9. 45, 15. 18. 46, 10. 14. 17 inimicum 23, 7. inimicis (abl.) 22, 9
in (3. 333.) 1, 7. 9. 3, 2. 10. 5, 1. 6, 8. 13111331 (333.) 11, 6. 30, 1. initia (11.)
13 (ca). 13. 1, 3. 3. 3, c. 3. 10, 3. 31,11.33,13
314, 1. 3. 13, 3. 11, 11. 13, 3. 13, inungit 15, 4
1.1.11,4.11,1. 13,1. 11413113, 1513111135, 11 .
1. 9. 27, 9. 11. 28, 2. 9. 11. 29, 3. inlaborare 46, 19
1. 30, 3. 31, 2. 34, 3, 13. 11. 35, inlacessiti (31.) 33, 1
1 (313). 4. 33, 3. 31,11. 33, 4 1535111313, 10
12. 39, 3. 41,1. 43, 11. 44, 4. inmensus 2, 4. inmensum (333. 11.)
45,4. 15. 13. 11. 13. 31. 43, 5. 15. 3, 3. 35, 3111131111 34, 53113111
133333333 (351. m.) 1, 6 (333.) 1, 4
13113111533(3.)31,7.131131133(333.)12,4 13331313 (a. 11.) 45, 2
incalescat 22, 12 innoxiae· 38, 11
1133115131. 3113, 12 11331513, 12. 23, 11. 43, 14
1331333130, 2. inchoatur 11, 5 inplacabiles (s.) 21, 2
incidit 11, 4 inpotentis (333.) 36, 3
1331313135, 3. incipientum. 3.) 18, 13 133133313 3,3
incitamentum (13,) 7, 9 inquiri 34, 11
inclinatas 8, 1 inscitia 16, 7
inclitum (3. a.) 41, 9 inscriptos 3, 15
incolatur 3, 12 133313] 1331133 (d.) 43, 20
incompertum (333. a.) 46, 25 incide] insederunt 43, 8
incompti (31.) 14, 14 insignis (11. f.) 13, 8. insigne (11. 11.)
13331333 (333.) 44, 10 29, 5. 38, 3. 43, 30. insigne (333.)
inde 37, 22. 30, 10 45, 9. insigues (3. m.) 31, 11

indigenas 2, 1 instituere 32, 5. 133111313(333.) 27, .

indulget 21, 6. indulseris 23, 5 10. 1331113113 (351.) 28, 12
inediam 4,8 , 13313] 133133 6, 23 ,
1333] 13333116,1.40,13. 13113 6, 26 insulam 23, 2. insula 40, 9. insula-
iners (11. 13.) 14, 18. 1331133 36,,6 rum 1, 3. insulis (d.) 45, 24,
1331113315, 6. inertia 28, 16. 43, 13 133313] 133333 8, 7. 45, 24
inexhausta (11. f.) 20, 6 insuper 12, 4. 16, 12. 31, 8. 34,5. 45,5
infamiam 6, 26 insurgere 39, 8
infamis] infame (3. a.) 14, 3. 13- 1313311 (pl.) 17, 2

131333 (333.) 12,4 13131133133] intellectum 26, 10 ¹
infantium 7, 12. 32, 6. 1313311533 intellegit 40,“11. intellegas 43, 20.

(d.) 46, 16 intellegere 30, 8
infernum (333. 13.) 43, 24 intendere 12, 2
inferunt 43, 13 inter 3, 20. 3, 3. 13,10. 14, 11. 13,
infestas 24, 3 1. 13, 4. 21,1c. 11, 1. 14, 1. 323,
inficio] infectos 4, 3 3. 28, 3. 13, 15. 33, 30. 13. 31, 1.
infinita (a. f.) 1, 1 353. 30, 3. 45,11.15.11. 43, ee
infirmissimo (d. 13.) 15, 5 1313131313]131313331313(333.13.)10,20
13131133 (11. a.) 43, 13. informem (f.) interiores (11. m.) 5, 16

2, 7. 13131131 (351. f.) 16, 9 interlucent 43, 21

 

